1
1
36
1.006054 0.006447 0.026189 0.033191 0.002099 -0.040992 0.019268 -0.014114 0.020685 -0.027107 -0.027294 -0.135787 0.070997 -0.015262 0.009833 -0.038896 0.030427 -0.023808 0.010974 -0.002785 0.006756 -0.124343 0.003718 0.005920 0.025011 0.042302 0.000057 0.058872 0.039650 -0.011772 0.012405 -0.021216 0.007392 0.003960 -0.194684 -0.032996 
-0.029171 0.838276 -0.069134 -0.029836 0.011499 0.012888 0.053126 0.003518 -0.020143 -0.019522 0.033645 0.085712 0.023793 -0.042344 0.028843 -0.049377 0.027005 -0.010478 -0.008704 -0.005939 -0.006984 -0.017794 0.044799 0.014591 -0.009753 0.040825 -0.004498 -0.018958 0.096061 0.034978 0.001133 -0.019418 0.028503 0.029283 -0.129019 -0.032715 
0.115005 0.051185 1.151922 -0.011799 -0.036965 -0.047283 0.102044 -0.029174 -0.001075 -0.023687 -0.051463 -0.313929 0.061304 -0.061069 -0.042038 -0.127836 -0.011957 -0.103942 -0.061783 0.037814 0.006945 0.058108 0.025365 -0.027673 0.018331 -0.047241 -0.031520 -0.091490 0.020067 -0.018077 0.008482 -0.009056 -0.073024 -0.006051 -0.193369 0.036759 
-0.023727 -0.001744 -0.015645 0.932301 -0.019711 0.053089 -0.006862 -0.025386 0.010881 0.010432 -0.089481 0.001431 -0.011997 0.032789 -0.018199 -0.012545 0.035901 0.006390 -0.024913 -0.008704 -0.002384 -0.007263 -0.022304 -0.039763 0.010363 -0.011497 -0.002906 -0.003915 0.042976 -0.011383 0.011860 -0.020701 0.057908 -0.039053 0.033712 -0.001001 
-0.022293 0.134293 0.084731 0.022737 0.982427 0.023624 0.045232 0.105205 -0.012054 0.084560 0.057536 -0.164117 0.023578 0.014463 -0.078134 -0.062779 -0.114426 -0.109618 0.005661 -0.086370 -0.056959 -0.000703 -0.014506 -0.019805 0.021846 -0.075348 -0.056356 -0.015530 -0.070199 0.045851 0.040018 0.038995 0.081156 0.072503 -0.208473 -0.007185 
0.013965 0.010836 0.002949 0.029574 0.003440 0.850338 0.010750 -0.053003 0.014092 0.002679 -0.023386 0.016619 -0.001683 -0.047971 0.004856 0.021663 -0.113207 0.003762 0.044966 -0.014752 -0.050060 0.006764 0.031242 -0.003507 -0.028438 0.086648 -0.001697 -0.027517 0.017399 -0.043814 -0.028219 -0.021784 0.013571 0.061651 -0.054223 0.115450 
0.382514 -0.067915 -0.260079 -0.011612 0.011742 -0.120387 0.877432 0.012749 -0.074179 -0.060632 0.006357 0.059190 0.036680 0.013487 0.068161 0.006962 0.082890 0.045217 -0.012318 -0.022499 0.110907 0.022040 0.184706 0.040555 0.029414 0.043557 -0.006227 0.029996 0.151564 0.015572 -0.044602 -0.046986 0.091953 0.040721 -0.016635 0.020774 
-0.004298 0.044881 -0.017815 -0.139959 -0.022192 -0.184571 -0.049969 0.930935 -0.064720 -0.048702 0.176440 0.037830 0.029700 -0.009398 -0.060060 -0.006473 0.022861 -0.004519 -0.021961 0.001566 -0.015666 -0.034054 -0.020970 -0.083145 0.048155 -0.021725 -0.002995 0.027063 -0.043365 -0.000851 0.054772 0.025411 -0.034175 -0.020058 0.133164 -0.086851 
0.006322 -0.007448 0.015701 0.035065 0.006152 -0.070360 0.015628 -0.021879 0.965518 0.032839 0.023973 -0.019516 0.010316 -0.013312 -0.042310 0.010083 0.010964 -0.003269 0.021381 -0.003020 -0.038870 0.028860 -0.025714 0.066170 -0.008622 0.065628 0.018768 -0.005909 -0.018805 -0.011377 0.005734 0.036235 -0.028312 -0.013146 -0.097443 -0.008110 
-0.011282 0.017075 0.026035 -0.052001 0.018861 -0.057154 0.003623 0.049912 -0.007866 0.948964 0.032812 -0.016259 -0.000850 0.020975 0.001760 -0.001719 -0.030731 -0.023161 -0.000520 0.022983 0.006302 -0.019174 -0.144064 0.094652 -0.001399 -0.043845 0.001997 0.020242 -0.061750 -0.027802 -0.056218 -0.024422 0.042840 0.023198 -0.066352 0.049013 
0.014017 0.004517 -0.006444 -0.094088 -0.016754 -0.026389 -0.006147 0.004407 -0.034604 -0.028815 0.789727 0.016560 -0.003494 -0.071212 -0.031588 0.012186 -0.015032 0.008788 0.022771 -0.002614 -0.032127 -0.011444 0.001111 -0.040269 -0.019653 -0.046037 0.006876 -0.000058 0.000278 0.051993 0.037207 0.022798 0.099835 0.026038 0.050547 -0.026751 
-0.138365 0.054239 0.070226 -0.007535 0.021125 -0.017064 0.044135 -0.000524 0.008067 -0.029701 0.078941 0.905246 0.065689 0.012946 0.014068 0.006674 0.002286 0.002421 0.024894 0.011383 0.005639 -0.005287 -0.045523 0.026612 0.020258 -0.039639 -0.030432 0.095368 0.033436 -0.028756 -0.000991 -0.015998 0.022371 0.106861 -0.089262 -0.023006 
-0.043237 0.082263 0.003482 0.008788 0.011350 0.032074 -0.030947 -0.014696 0.039980 -0.022540 -0.063956 0.007445 1.031433 -0.018858 0.034206 0.059603 -0.026745 0.000772 -0.044830 0.027855 0.007020 -0.035230 0.019686 0.009682 -0.019565 0.006981 0.015775 0.001467 -0.005772 0.008966 0.017877 0.015578 0.024516 0.032217 -0.087423 0.061588 
-0.003859 0.011208 0.017715 0.028528 -0.004186 -0.035929 0.019951 -0.022179 0.031238 0.040690 -0.059280 0.014849 0.022416 0.813541 0.032983 0.052433 -0.022997 -0.003951 -0.031656 -0.017898 0.023052 0.004891 -0.039675 0.026118 -0.016721 0.057402 -0.000922 0.000177 -0.027496 -0.032075 -0.041649 0.001065 -0.002876 -0.018707 -0.013703 -0.100585 
-0.030433 -0.025078 -0.027398 -0.003914 -0.015768 0.027806 -0.009369 -0.027243 0.027185 -0.036774 -0.064379 0.066217 0.009103 -0.000934 1.002299 0.029886 0.005719 0.002415 0.023528 -0.004955 -0.011855 -0.050746 0.039969 -0.112695 0.051378 0.002351 0.015223 0.036919 0.016392 0.013723 -0.029319 -0.047009 -0.041256 -0.051173 0.043728 -0.016012 
-0.381485 0.045099 0.114080 -0.019355 0.006542 0.051411 -0.065110 0.017072 -0.011770 0.002781 0.056500 -0.003844 0.079231 0.010737 -0.014079 0.793730 -0.024258 0.007042 -0.001838 0.021872 0.021035 0.060401 0.003223 0.066829 -0.007509 -0.025935 0.014762 -0.096861 -0.061579 0.029455 0.020683 0.010100 -0.012251 0.039288 0.071763 0.028917 
-0.001039 -0.005456 0.018094 -0.007008 0.011767 0.001399 -0.012403 -0.023878 0.023742 -0.007616 -0.110271 0.026619 0.003436 -0.041442 -0.042033 0.013489 0.774905 0.009827 -0.006690 0.020978 0.016515 -0.004364 0.065133 -0.019701 -0.009478 0.124432 0.016213 -0.013739 -0.004742 0.030235 0.009680 -0.005346 0.044113 -0.012124 0.005418 0.013191 
0.149636 0.050024 -0.049246 0.055941 -0.001470 -0.041070 -0.030848 -0.017316 -0.026992 0.003904 -0.018265 0.123372 0.003734 -0.003492 0.018900 0.089366 0.069440 1.068394 -0.012130 -0.038245 -0.032971 0.075655 0.016428 -0.089788 -0.019545 -0.056921 0.037888 0.075400 0.074478 0.020072 -0.017025 0.006839 -0.064591 -0.067166 0.001484 0.090432 
0.025776 -0.025931 0.053410 -0.034827 -0.006571 0.158580 -0.007978 -0.051851 0.018130 -0.013341 0.118214 -0.004289 0.009555 -0.028026 0.012317 0.017650 -0.068997 -0.006912 0.787809 -0.025137 -0.053539 -0.000946 0.046078 -0.027763 -0.059499 0.049178 -0.009937 -0.027546 0.013261 0.050854 0.000087 -0.005667 0.099308 0.006733 -0.019725 0.017999 
-0.058383 -0.026464 -0.044906 -0.020411 -0.021046 -0.026397 -0.039842 -0.014894 -0.029308 0.036407 0.064718 0.077327 0.048621 0.083815 0.027654 0.016395 0.065048 0.040179 0.057284 0.973059 0.006117 0.010763 -0.099651 0.127383 -0.029632 -0.064333 -0.076239 0.040982 0.031757 -0.069039 0.066837 -0.018829 -0.034728 0.093594 -0.007892 -0.061102 
0.025085 0.023653 -0.019817 0.022884 -0.039897 -0.011155 -0.021926 0.008236 0.033740 0.038768 -0.013955 0.033973 0.018184 0.078426 0.015335 -0.011566 0.060326 0.045228 -0.058949 0.013646 0.950623 -0.056434 0.012138 0.000806 0.051620 -0.002381 0.039763 -0.012811 0.001685 0.020489 -0.004042 -0.085336 -0.097500 -0.054289 0.051196 -0.079859 
-0.051265 0.028389 -0.151841 0.021659 0.112095 0.007335 -0.024607 0.024091 -0.033388 -0.007667 -0.008658 0.113036 0.012867 -0.021127 -0.034325 -0.065269 0.002634 -0.220579 0.024977 -0.013761 -0.044675 1.017402 -0.001844 0.023243 0.059868 0.038916 -0.025824 -0.067958 0.017745 0.037265 0.008659 0.014248 0.089431 0.079750 -0.008764 -0.038873 
0.050454 -0.004412 0.005565 0.106067 0.014539 0.128079 -0.009587 0.065664 0.031465 0.005656 -0.165059 -0.022961 0.010600 0.015541 0.063099 0.029882 -0.023565 -0.024649 0.026072 -0.008245 -0.007661 -0.032214 0.822687 0.058486 0.002425 0.142757 -0.001217 -0.004195 -0.003968 0.022073 -0.107271 -0.030580 -0.041520 0.098199 -0.048098 0.017675 
-0.022954 -0.010817 -0.011506 0.049224 0.008889 0.011756 -0.033788 -0.001674 -0.145794 -0.012491 0.066256 -0.000546 -0.026881 0.011318 0.064595 -0.010350 -0.029358 0.011908 -0.047115 -0.025250 -0.004260 -0.019364 0.013847 0.929512 -0.027711 -0.145728 0.000739 -0.007500 -0.001076 0.009189 -0.010486 0.018154 -0.024796 0.075479 0.026893 0.065612 
-0.010385 0.023201 0.046079 -0.031855 0.042925 0.091867 0.005960 0.013616 -0.011140 -0.013599 -0.116443 -0.061939 -0.001054 -0.030544 -0.016484 -0.022610 0.023308 -0.014287 -0.000136 0.017314 -0.024634 0.024306 0.134879 0.017373 0.919425 -0.053771 0.041044 0.001362 0.008356 0.005484 -0.015195 -0.058864 0.043123 -0.029652 -0.125268 -0.033688 
0.043019 -0.031654 -0.007762 0.013165 0.002363 -0.007543 0.003174 0.092100 -0.049741 -0.015420 0.021670 0.044892 -0.009390 0.002789 0.051465 0.006283 -0.070710 0.011503 -0.050858 -0.048846 0.014712 -0.016130 -0.071791 0.065352 -0.008569 0.998682 0.002758 0.013875 -0.018092 0.071438 -0.029814 0.016448 0.001000 -0.041926 -0.007774 0.003314 
0.085907 -0.004092 -0.005312 -0.023874 0.098267 0.025474 0.033642 -0.056171 0.096318 -0.031961 0.081965 0.005604 -0.012584 0.035203 -0.001788 -0.009772 0.062189 -0.067590 -0.013685 0.052533 -0.088594 0.051887 -0.073900 0.051224 0.008408 -0.012505 0.945578 0.061726 0.037361 -0.053077 -0.055942 -0.039582 0.044934 0.016206 -0.114452 0.072543 
0.070243 0.012442 -0.005380 0.009392 0.062981 -0.050609 0.074826 0.078034 -0.015687 0.017691 -0.054746 0.002493 -0.005890 -0.026288 -0.043855 -0.039103 -0.033126 -0.108417 0.007742 -0.101679 0.013810 0.197570 0.030202 -0.082104 0.037463 -0.066681 -0.042250 0.974598 0.006311 0.008236 -0.061821 0.057120 0.052197 -0.039475 -0.053231 0.012122 
0.153328 0.106791 -0.012391 0.048345 0.051680 -0.006116 0.005141 -0.009513 -0.035933 -0.011433 0.015440 0.012097 0.019093 -0.006638 0.000618 0.025239 0.084201 0.018215 -0.023510 -0.033092 -0.023514 -0.089804 0.051426 0.029218 -0.005327 0.001225 -0.035601 0.025211 0.760474 0.018621 -0.017386 -0.060248 0.030080 -0.028602 0.012497 0.120925 
-0.000761 -0.022547 -0.020517 0.025451 -0.011508 0.008799 0.040974 -0.028558 0.012896 0.033617 0.055707 0.014001 -0.006506 -0.051865 0.010540 0.013278 -0.089003 0.022151 0.016401 -0.029363 -0.003990 0.024475 -0.125880 0.054045 -0.040992 -0.075550 0.008541 -0.022882 0.007854 0.795192 -0.058676 0.047124 -0.022264 -0.006030 -0.013420 0.133939 
-0.008530 0.020378 -0.005009 0.032166 -0.003271 -0.068830 -0.030878 -0.034843 -0.003283 0.039758 0.101709 -0.009346 0.000253 -0.043855 -0.045322 -0.009649 -0.013055 -0.001345 0.031071 0.004607 0.013832 0.010020 -0.047402 0.044451 -0.013510 0.058470 -0.011208 -0.007829 -0.021316 -0.026087 0.966439 0.040923 -0.000912 0.084166 0.034499 -0.064971 
-0.037147 0.014543 -0.014143 0.013138 -0.004214 -0.183470 -0.005887 0.077321 -0.022841 -0.017958 -0.059602 0.025470 -0.017355 0.082031 -0.040769 -0.062730 0.022415 -0.028694 0.002793 0.008738 -0.008935 0.004500 0.014747 0.069430 0.050513 -0.025658 -0.045870 0.015198 0.005651 0.056536 0.012801 0.774902 -0.162193 0.028453 0.105658 -0.067657 
0.076950 -0.014273 -0.067068 -0.019963 -0.022474 -0.021893 0.008647 -0.007862 -0.012620 0.001969 0.033053 0.016325 -0.028886 -0.008171 0.009471 0.004436 0.138621 0.018190 -0.020296 -0.000560 0.020026 -0.031415 -0.031352 -0.021892 0.040176 -0.005887 0.037118 0.015303 -0.003093 0.049976 -0.009383 -0.016035 0.797696 -0.071238 0.024093 0.037309 
0.005670 0.020407 0.001839 -0.026808 0.002709 0.034824 0.003778 0.011178 -0.042806 -0.030478 -0.019508 0.018130 0.022283 0.003685 -0.036833 -0.004090 0.003046 -0.009164 -0.002659 -0.005860 -0.066120 0.020634 0.016537 0.042498 -0.031178 -0.021895 -0.014732 -0.016640 -0.000419 -0.015003 0.024600 -0.026102 0.069789 0.950593 -0.010069 0.027984 
-0.053511 -0.025294 -0.023459 -0.028711 0.003749 0.047750 0.066551 -0.003968 -0.007218 0.001951 0.094274 0.063533 -0.028887 -0.022508 0.001271 0.079283 -0.009847 0.048641 0.028117 -0.003195 0.048179 0.099637 0.061415 -0.057130 -0.022189 -0.042715 -0.025002 -0.050213 0.079112 0.000589 0.004553 0.046869 0.026835 -0.015089 0.713151 0.090507 
-0.013335 0.004320 -0.000624 -0.054140 -0.010824 -0.107598 -0.019436 -0.002081 -0.003660 0.013639 -0.024933 -0.018273 -0.009645 -0.010285 0.010174 -0.008084 0.002907 -0.001389 0.009195 -0.007971 0.015016 -0.012297 0.071993 -0.010302 -0.016582 -0.000586 0.012985 -0.004613 -0.008168 0.005263 -0.023834 0.003531 -0.031615 -0.052727 0.034466 0.937845 
-2.822234 1.021073 2.405848 1.308348 3.041864 -0.431839 -2.463550 -1.783172 -0.033205 0.776339 -0.758097 3.001947 0.633702 0.081985 -0.748531 2.332049 -0.269567 2.127796 -0.184416 -1.356346 0.269560 0.962419 0.282328 -0.207295 0.369922 -0.561275 -0.561511 -2.014439 0.036060 0.020915 -0.228638 0.030065 -0.964448 -0.168296 0.679168 0.048824 
1.0 1.0 1.0 1.0 1.0 1.0 1.0 1.0 1.0 1.0 1.0 1.0 1.0 1.0 1.0 1.0 1.0 1.0 1.0 1.0 1.0 1.0 1.0 1.0 1.0 1.0 1.0 1.0 1.0 1.0 1.0 1.0 1.0 1.0 1.0 1.0 
